Mon, 30 Oct 2017,8 20 30 43 46 48
Thu, 26 Oct 2017,3 10 25 32 36 37
Mon, 23 Oct 2017,2 9 23 35 38 48
Thu, 19 Oct 2017,2 4 15 20 26 28
Mon, 16 Oct 2017,6 11 12 34 36 49
Thu, 12 Oct 2017,6 14 17 21 22 37
Mon, 09 Oct 2017,6 14 17 40 43 49
Thu, 05 Oct 2017,9 19 23 36 40 44
Mon, 02 Oct 2017,2 8 17 18 23 42
Thu, 28 Sep 2017,11 12 26 27 29 33
Mon, 25 Sep 2017,7 18 26 34 41 48
Thu, 21 Sep 2017,9 14 15 28 35 37
Mon, 18 Sep 2017,3 15 22 24 32 43
Thu, 14 Sep 2017,12 15 29 36 40 45
Mon, 11 Sep 2017,7 14 17 18 44 48
Thu, 07 Sep 2017,13 19 20 21 32 49
Mon, 04 Sep 2017,10 11 22 36 38 46
Thu, 31 Aug 2017,3 36 39 40 44 47
Mon, 28 Aug 2017,1 21 29 35 39 46
Thu, 24 Aug 2017,11 17 26 30 32 39
Mon, 21 Aug 2017,4 7 12 18 42 47
Thu, 17 Aug 2017,11 15 29 39 41 47
Mon, 14 Aug 2017,2 8 17 22 39 46
Thu, 10 Aug 2017,1 31 39 45 46 49
Mon, 07 Aug 2017,5 17 34 40 42 46
Thu, 03 Aug 2017,14 19 22 27 32 36
Mon, 31 Jul 2017,11 13 14 16 30 43
Thu, 27 Jul 2017,14 20 24 33 37 41
Mon, 24 Jul 2017,2 22 23 32 35 41
Thu, 20 Jul 2017,8 11 35 39 41 43
Mon, 17 Jul 2017,9 11 16 20 27 46
Thu, 13 Jul 2017,24 30 33 34 47 49
Mon, 10 Jul 2017,11 16 31 35 46 48
Thu, 06 Jul 2017,2 4 7 26 40 47
Mon, 03 Jul 2017,5 7 9 27 31 34
Thu, 29 Jun 2017,2 9 13 16 29 40
Mon, 26 Jun 2017,14 20 21 23 25 37
Thu, 22 Jun 2017,4 5 12 20 47 49
Mon, 19 Jun 2017,1 23 30 34 40 42
Thu, 15 Jun 2017,20 21 23 37 39 47
Mon, 12 Jun 2017,9 10 19 21 23 43
Thu, 08 Jun 2017,5 7 22 25 34 40
Mon, 05 Jun 2017,15 21 23 24 39 40
Thu, 01 Jun 2017,9 15 17 22 44 46
Mon, 29 May 2017,13 15 16 27 36 47
Thu, 25 May 2017,3 8 11 32 44 46
Mon, 22 May 2017,21 24 31 34 37 44
Thu, 18 May 2017,4 23 43 44 46 48
Mon, 15 May 2017,8 14 16 23 24 27
Thu, 11 May 2017,8 9 12 18 27 45
Mon, 08 May 2017,5 21 29 30 38 45
Thu, 04 May 2017,4 13 14 36 41 43
Mon, 01 May 2017,8 17 24 29 32 45
Thu, 27 Apr 2017,4 7 15 31 32 43
Mon, 24 Apr 2017,2 8 22 31 32 35
Thu, 20 Apr 2017,2 12 25 28 37 38
Mon, 17 Apr 2017,12 17 25 28 36 44
Thu, 13 Apr 2017,7 9 16 27 32 47
Mon, 10 Apr 2017,13 19 20 23 29 31
Thu, 06 Apr 2017,10 12 20 27 43 46
Mon, 03 Apr 2017,1 28 30 32 40 48
Thu, 30 Mar 2017,28 34 38 39 42 46
Mon, 27 Mar 2017,1 27 28 40 41 44
Thu, 23 Mar 2017,5 13 18 25 28 44
Mon, 20 Mar 2017,6 20 30 41 42 45
Thu, 16 Mar 2017,2 9 15 19 20 37
Mon, 13 Mar 2017,6 28 30 35 39 42
Thu, 09 Mar 2017,2 6 9 17 26 46
Mon, 06 Mar 2017,16 22 28 36 39 47
Thu, 02 Mar 2017,8 14 20 35 36 41
Mon, 27 Feb 2017,22 25 27 29 35 49
Thu, 23 Feb 2017,7 8 9 28 41 42
Mon, 20 Feb 2017,2 6 13 17 23 46
Thu, 16 Feb 2017,8 17 31 43 44 48
Mon, 13 Feb 2017,7 10 19 23 24 33
Fri, 10 Feb 2017,2 7 24 27 29 34
Mon, 06 Feb 2017,9 14 17 25 30 36
Thu, 02 Feb 2017,11 20 21 29 37 48
Mon, 30 Jan 2017,21 22 25 27 32 39
Thu, 26 Jan 2017,8 12 16 19 22 46
Mon, 23 Jan 2017,5 14 23 28 45 49
Thu, 19 Jan 2017,5 8 16 44 48 49
Mon, 16 Jan 2017,2 7 17 21 35 42
Thu, 12 Jan 2017,3 6 12 25 40 43
Mon, 09 Jan 2017,8 29 33 34 42 49
Thu, 05 Jan 2017,7 15 20 33 39 44
Mon, 02 Jan 2017,1 18 22 35 38 49
Thu, 29 Dec 2016,2 4 34 36 42 46
Mon, 26 Dec 2016,8 10 18 25 28 46
Thu, 22 Dec 2016,3 28 37 38 44 47
Mon, 19 Dec 2016,10 11 24 27 36 49
Thu, 15 Dec 2016,4 18 24 39 46 47
Mon, 12 Dec 2016,2 14 31 36 43 46
Thu, 08 Dec 2016,6 8 11 24 37 46
Mon, 05 Dec 2016,5 9 11 19 24 37
Thu, 01 Dec 2016,3 4 8 19 24 46
Mon, 28 Nov 2016,2 4 15 24 37 48
Thu, 24 Nov 2016,2 3 17 19 22 40
Mon, 21 Nov 2016,4 21 25 40 47 48
Thu, 17 Nov 2016,1 21 31 36 39 43
Mon, 14 Nov 2016,8 10 15 31 38 40
Thu, 10 Nov 2016,17 22 26 34 41 47
Mon, 07 Nov 2016,1 13 21 41 48 49
Thu, 03 Nov 2016,1 11 19 26 35 39
Mon, 31 Oct 2016,14 19 24 32 36 42
Thu, 27 Oct 2016,3 5 8 21 40 46
Mon, 24 Oct 2016,2 15 18 24 34 35
Thu, 20 Oct 2016,5 14 20 23 36 49
Mon, 17 Oct 2016,3 7 9 27 39 44
Thu, 13 Oct 2016,16 20 31 32 40 41
Mon, 10 Oct 2016,3 18 24 30 35 49
Thu, 06 Oct 2016,6 13 19 25 26 39
Mon, 03 Oct 2016,6 9 14 27 28 46
Thu, 29 Sep 2016,1 3 4 24 34 48
Mon, 26 Sep 2016,6 9 15 27 37 48
Thu, 22 Sep 2016,8 11 28 34 40 46
Mon, 19 Sep 2016,14 17 26 31 41 45
Thu, 15 Sep 2016,2 20 21 25 27 38
Mon, 12 Sep 2016,3 10 18 22 48 49
Thu, 08 Sep 2016,4 6 11 13 26 31
Mon, 05 Sep 2016,3 9 14 21 32 40
Thu, 01 Sep 2016,3 4 12 15 28 48
Mon, 29 Aug 2016,11 19 23 32 48 49
Thu, 25 Aug 2016,5 6 11 25 35 40
Mon, 22 Aug 2016,1 10 35 36 41 49
Thu, 18 Aug 2016,2 10 11 21 26 36
Mon, 15 Aug 2016,3 16 18 31 35 38
Thu, 11 Aug 2016,13 22 30 32 45 46
Mon, 08 Aug 2016,4 9 23 26 34 44
Thu, 04 Aug 2016,1 8 29 31 37 42
Mon, 01 Aug 2016,6 14 24 36 37 39
Thu, 28 Jul 2016,4 6 8 15 29 36
Mon, 25 Jul 2016,6 26 38 40 44 49
Thu, 21 Jul 2016,2 14 18 27 31 44
Mon, 18 Jul 2016,8 11 22 35 36 46
Thu, 14 Jul 2016,2 11 14 16 31 44
Mon, 11 Jul 2016,7 21 22 30 35 39
Thu, 07 Jul 2016,4 6 13 15 21 30
Mon, 04 Jul 2016,11 18 26 27 34 46
Thu, 30 Jun 2016,11 12 15 16 21 32
Mon, 27 Jun 2016,1 12 13 14 38 40
Thu, 23 Jun 2016,1 3 5 8 20 44
Mon, 20 Jun 2016,4 6 14 18 19 35
Thu, 16 Jun 2016,5 11 30 36 44 46
Mon, 13 Jun 2016,6 18 22 24 26 30
Thu, 09 Jun 2016,12 21 27 28 35 43
Mon, 06 Jun 2016,2 7 12 19 29 36
Thu, 02 Jun 2016,1 15 23 25 33 42
Mon, 30 May 2016,8 12 24 33 35 39
Thu, 26 May 2016,7 15 19 31 32 40
Mon, 23 May 2016,7 12 20 24 30 31
Thu, 19 May 2016,2 17 19 23 32 49
Mon, 16 May 2016,1 10 24 26 36 47
Thu, 12 May 2016,1 4 23 40 46 48
Mon, 09 May 2016,1 12 26 29 39 49
Thu, 05 May 2016,9 20 23 46 48 49
Mon, 02 May 2016,6 7 8 9 14 19
Thu, 28 Apr 2016,3 20 26 31 34 40
Mon, 25 Apr 2016,1 3 4 22 37 41
Thu, 21 Apr 2016,13 14 19 32 33 48
Mon, 18 Apr 2016,11 14 21 28 30 39
Thu, 14 Apr 2016,3 4 19 26 28 34
Mon, 11 Apr 2016,9 13 16 18 48 49
Thu, 07 Apr 2016,1 7 30 32 38 46
Mon, 04 Apr 2016,10 15 22 28 34 38
Thu, 31 Mar 2016,20 21 22 31 39 46
Mon, 28 Mar 2016,8 9 15 28 36 39
Thu, 24 Mar 2016,4 9 28 35 38 44
Mon, 21 Mar 2016,8 12 20 39 43 47
Thu, 17 Mar 2016,2 3 20 21 30 33
Mon, 14 Mar 2016,8 10 24 29 31 33
Thu, 10 Mar 2016,25 29 32 33 34 49
Mon, 07 Mar 2016,9 18 30 33 45 47
Thu, 03 Mar 2016,6 14 24 33 38 41
Mon, 29 Feb 2016,8 11 15 17 28 47
Thu, 25 Feb 2016,7 14 17 23 35 49
Mon, 22 Feb 2016,10 18 22 37 39 40
Fri, 19 Feb 2016,16 18 20 21 27 49
Mon, 15 Feb 2016,3 5 29 40 43 49
Thu, 11 Feb 2016,7 8 17 39 46 49
Mon, 08 Feb 2016,13 14 16 21 24 42
Thu, 04 Feb 2016,2 21 26 34 39 49
Mon, 01 Feb 2016,9 10 11 22 23 32
Thu, 28 Jan 2016,4 20 22 40 41 48
Mon, 25 Jan 2016,16 17 19 35 40 48
Thu, 21 Jan 2016,2 11 23 24 33 44
Mon, 18 Jan 2016,4 11 40 43 48 49
Thu, 14 Jan 2016,1 2 4 7 28 41
Mon, 11 Jan 2016,13 20 22 29 36 37
Thu, 07 Jan 2016,3 5 6 20 21 45
Mon, 04 Jan 2016,3 9 18 28 31 46
Thu, 31 Dec 2015,9 21 23 35 38 41
Mon, 28 Dec 2015,7 15 16 17 35 47
Thu, 24 Dec 2015,10 20 21 27 33 46
Mon, 21 Dec 2015,11 14 18 22 35 43
Thu, 17 Dec 2015,2 12 17 19 20 33
Mon, 14 Dec 2015,6 21 25 29 33 40
Thu, 10 Dec 2015,4 8 11 39 44 46
Mon, 07 Dec 2015,5 24 26 36 44 49
Thu, 03 Dec 2015,17 20 34 37 43 48
Mon, 30 Nov 2015,11 31 35 37 44 46
Thu, 26 Nov 2015,2 24 34 43 44 46
Mon, 23 Nov 2015,5 31 36 39 44 46
Thu, 19 Nov 2015,1 14 19 37 40 47
Mon, 16 Nov 2015,3 5 18 41 46 48
Thu, 12 Nov 2015,8 10 11 12 33 41
Mon, 09 Nov 2015,3 17 36 40 48 49
Thu, 05 Nov 2015,2 26 27 28 37 47
Mon, 02 Nov 2015,1 10 18 27 35 48
Thu, 29 Oct 2015,7 9 18 26 36 46
Mon, 26 Oct 2015,1 5 22 28 48 49
Thu, 22 Oct 2015,5 16 22 29 48 49
Mon, 19 Oct 2015,10 13 27 36 39 45
Thu, 15 Oct 2015,7 14 23 25 28 33
Mon, 12 Oct 2015,6 11 17 28 41 48
Thu, 08 Oct 2015,6 8 15 20 25 45
Mon, 05 Oct 2015,1 4 7 20 26 28
Thu, 01 Oct 2015,3 6 15 27 36 41
Mon, 28 Sep 2015,12 32 35 40 41 47
Thu, 24 Sep 2015,8 16 25 29 31 40
Mon, 21 Sep 2015,8 9 10 19 28 33
Thu, 17 Sep 2015,5 8 20 30 35 49
Mon, 14 Sep 2015,3 13 14 19 25 31
Thu, 10 Sep 2015,27 33 38 39 41 47
Mon, 07 Sep 2015,1 3 12 15 26 31
Thu, 03 Sep 2015,1 9 10 23 24 32
Mon, 31 Aug 2015,5 8 9 12 18 48
Thu, 27 Aug 2015,13 16 19 23 25 48
Mon, 24 Aug 2015,5 7 8 23 29 33
Thu, 20 Aug 2015,3 14 19 33 38 41
Mon, 17 Aug 2015,2 6 20 21 27 36
Thu, 13 Aug 2015,8 10 12 34 38 48
Mon, 10 Aug 2015,6 7 8 12 37 45
Thu, 06 Aug 2015,11 15 20 33 38 40
Mon, 03 Aug 2015,18 21 23 25 26 41
Thu, 30 Jul 2015,2 10 13 21 25 49
Mon, 27 Jul 2015,6 9 40 42 43 46
Thu, 23 Jul 2015,4 13 18 24 34 37
Mon, 20 Jul 2015,3 17 25 28 34 46
Thu, 16 Jul 2015,2 10 30 32 42 48
Mon, 13 Jul 2015,31 33 34 35 37 42
Thu, 09 Jul 2015,5 24 33 38 42 44
Mon, 06 Jul 2015,1 6 9 18 21 35
Thu, 02 Jul 2015,7 12 13 21 30 32
Mon, 29 Jun 2015,2 14 15 26 29 31
Thu, 25 Jun 2015,14 29 36 38 39 41
Mon, 22 Jun 2015,3 18 22 33 47 49
Thu, 18 Jun 2015,5 20 28 35 39 46
Mon, 15 Jun 2015,9 21 26 27 29 48
Thu, 11 Jun 2015,7 11 13 16 38 46
Mon, 08 Jun 2015,20 31 35 38 42 49
Thu, 04 Jun 2015,3 6 8 14 18 41
Mon, 01 Jun 2015,5 9 14 29 32 36
Thu, 28 May 2015,5 13 20 26 31 38
Mon, 25 May 2015,13 17 19 24 26 43
Thu, 21 May 2015,6 20 22 35 36 41
Mon, 18 May 2015,17 23 32 33 41 45
Thu, 14 May 2015,8 17 19 45 47 48
Mon, 11 May 2015,3 6 7 20 21 23
Thu, 07 May 2015,8 10 17 24 32 43
Mon, 04 May 2015,6 11 17 22 25 36
Thu, 30 Apr 2015,18 19 28 37 46 48
Mon, 27 Apr 2015,2 14 30 31 46 47
Thu, 23 Apr 2015,1 9 15 28 42 45
Mon, 20 Apr 2015,9 16 17 25 27 36
Thu, 16 Apr 2015,3 4 18 32 35 48
Mon, 13 Apr 2015,6 13 31 32 40 43
Thu, 09 Apr 2015,6 12 21 24 25 43
Mon, 06 Apr 2015,3 18 21 42 45 49
Thu, 02 Apr 2015,11 19 22 29 42 46
Mon, 30 Mar 2015,11 12 30 38 45 47
Thu, 26 Mar 2015,5 21 30 33 39 47
Mon, 23 Mar 2015,1 5 14 23 40 49
Thu, 19 Mar 2015,3 15 26 29 38 45
Mon, 16 Mar 2015,7 10 19 41 43 45
Thu, 12 Mar 2015,14 15 19 20 36 47
Mon, 09 Mar 2015,9 11 38 39 44 47
Thu, 05 Mar 2015,5 10 11 38 44 47
Mon, 02 Mar 2015,7 12 24 27 35 44
Fri, 27 Feb 2015,2 13 19 28 41 42
Mon, 23 Feb 2015,1 5 14 18 24 26
Thu, 19 Feb 2015,2 17 22 36 37 45
Mon, 16 Feb 2015,19 22 33 36 37 46
Thu, 12 Feb 2015,12 13 26 32 42 47
Mon, 09 Feb 2015,4 15 22 31 32 36
Thu, 05 Feb 2015,8 10 25 31 45 48
Mon, 02 Feb 2015,8 18 20 29 39 41
Thu, 29 Jan 2015,6 15 38 40 45 49
Mon, 26 Jan 2015,6 23 24 30 36 46
Thu, 22 Jan 2015,5 12 26 31 40 47
Mon, 19 Jan 2015,21 24 25 31 33 36
Thu, 15 Jan 2015,2 3 9 16 33 37
Mon, 12 Jan 2015,25 32 41 43 47 48
Thu, 08 Jan 2015,5 7 9 15 34 38
Mon, 05 Jan 2015,1 22 27 34 35 37
Thu, 01 Jan 2015,1 4 18 31 48 49
Mon, 29 Dec 2014,1 4 27 42 44 47
Thu, 25 Dec 2014,1 5 15 24 25 42
Mon, 22 Dec 2014,5 10 19 32 38 44
Thu, 18 Dec 2014,9 11 13 21 27 30
Mon, 15 Dec 2014,5 12 16 22 26 46
Thu, 11 Dec 2014,19 26 33 37 38 40
Mon, 08 Dec 2014,17 21 28 29 39 47
Thu, 04 Dec 2014,10 17 24 31 37 40
Mon, 01 Dec 2014,1 6 7 23 30 45
Thu, 27 Nov 2014,5 9 18 28 44 49
Mon, 24 Nov 2014,4 6 14 20 36 43
Thu, 20 Nov 2014,2 3 5 19 25 36
Mon, 17 Nov 2014,2 10 11 15 40 46
Thu, 13 Nov 2014,9 15 17 23 27 49
Mon, 10 Nov 2014,2 16 19 29 33 42
Thu, 06 Nov 2014,2 22 24 38 46 47
Mon, 03 Nov 2014,31 32 38 39 40 47
Thu, 02 Nov 2017,7 17 18 30 32 47
